2.000000000000000000e+00 0.000000000000000000e+00 1.000000071525573908e+00 9.999999999999998890e-01 1.000000071525575018e+00
2.000000000000000000e+00 1.000000000000000056e-01 9.943084030151366770e-01 9.999999999999998890e-01 9.943084030151377872e-01
2.000000000000000000e+00 2.000000000000000111e-01 9.774964363574981663e-01 9.999999999999998890e-01 9.774964363574992765e-01
2.000000000000000000e+00 3.000000000000000444e-01 9.526258763670919505e-01 9.999999999999998890e-01 9.526258763670930607e-01
2.000000000000000000e+00 4.000000000000000222e-01 9.199350573420523869e-01 9.985999999999999321e-01 9.339350573420530655e-01
2.000000000000000000e+00 5.000000000000000000e-01 8.859508481621742870e-01 9.955000000000000515e-01 9.309508481621737719e-01
2.000000000000000000e+00 5.999999999999999778e-01 8.440832008719445501e-01 9.859999999999999876e-01 9.840832008719446744e-01
2.000000000000000000e+00 6.999999999999999556e-01 8.066819830536843261e-01 9.657999999999999918e-01 1.148681983053684519e+00
2.000000000000000000e+00 7.999999999999999334e-01 7.630264307558537462e-01 9.477000000000000979e-01 1.286026430755852878e+00
2.000000000000000000e+00 8.999999999999999112e-01 7.303922303318978182e-01 9.176999999999999602e-01 1.553392230331898105e+00
2.000000000000000000e+00 9.999999999999998890e-01 6.931771048009395253e-01 8.810999999999999943e-01 1.882177104800939471e+00
