1.000000000000000000e+00 0.000000000000000000e+00 1.000000071525573908e+00 9.999999999999998890e-01 1.000000071525575018e+00
1.000000000000000000e+00 1.000000000000000056e-01 9.884788294434547762e-01 9.999999999999998890e-01 9.884788294434558864e-01
1.000000000000000000e+00 2.000000000000000111e-01 9.567485072016717051e-01 9.999999999999998890e-01 9.567485072016728154e-01
1.000000000000000000e+00 3.000000000000000444e-01 9.117582954168318432e-01 9.991999999999999771e-01 9.197582954168320724e-01
1.000000000000000000e+00 4.000000000000000222e-01 8.592415502667427596e-01 9.899999999999999911e-01 9.592415502667428484e-01
1.000000000000000000e+00 5.000000000000000000e-01 8.036938149333000547e-01 9.705000000000000293e-01 1.098693814933299873e+00
1.000000000000000000e+00 5.999999999999999778e-01 7.470022452473641383e-01 9.323999999999997845e-01 1.423002245247366293e+00
1.000000000000000000e+00 6.999999999999999556e-01 7.011120141148567964e-01 8.862999999999998657e-01 1.838112014114858139e+00
1.000000000000000000e+00 7.999999999999999334e-01 6.490226450711487072e-01 8.278000000000000913e-01 2.371022645071147572e+00
1.000000000000000000e+00 8.999999999999999112e-01 6.085751189440488096e-01 7.718000000000000416e-01 2.890575118944048505e+00
1.000000000000000000e+00 9.999999999999998890e-01 5.742166988998651522e-01 7.109999999999998543e-01 3.464216698899866387e+00
