3.000000000000000000e+00 0.000000000000000000e+00 1.000000071525573908e+00 9.999999999999998890e-01 1.000000071525575018e+00
3.000000000000000000e+00 1.000000000000000056e-01 9.961587211489678628e-01 9.999999999999998890e-01 9.961587211489689730e-01
3.000000000000000000e+00 2.000000000000000111e-01 9.849478482007981706e-01 9.999999999999998890e-01 9.849478482007992808e-01
3.000000000000000000e+00 3.000000000000000444e-01 9.673322935104370357e-01 9.999999999999998890e-01 9.673322935104381459e-01
3.000000000000000000e+00 4.000000000000000222e-01 9.445912723541259881e-01 9.997999999999999110e-01 9.465912723541268781e-01
3.000000000000000000e+00 5.000000000000000000e-01 9.171449649930001335e-01 9.989000000000000101e-01 9.281449649930000323e-01
3.000000000000000000e+00 5.999999999999999778e-01 8.869673069119452524e-01 9.967999999999999083e-01 9.189673069119461690e-01
3.000000000000000000e+00 6.999999999999999556e-01 8.572907815575598889e-01 9.902000000000000801e-01 9.552907815575590877e-01
3.000000000000000000e+00 7.999999999999999334e-01 8.263445667028427311e-01 9.807000000000001272e-01 1.019344566702841348e+00
3.000000000000000000e+00 8.999999999999999112e-01 7.912575524151325146e-01 9.616999999999999993e-01 1.174257552415132633e+00
3.000000000000000000e+00 9.999999999999998890e-01 7.632737149298191026e-01 9.428000000000000824e-01 1.335273714929818389e+00
