5.000000000000000000e+00 0.000000000000000000e+00 1.000000071525573908e+00 9.999999999999998890e-01 1.000000071525575018e+00
5.000000000000000000e+00 1.000000000000000056e-01 9.976622266173362785e-01 9.999999999999998890e-01 9.976622266173373887e-01
5.000000000000000000e+00 2.000000000000000111e-01 9.906865081787109562e-01 9.999999999999998890e-01 9.906865081787120664e-01
5.000000000000000000e+00 3.000000000000000444e-01 9.803181141614913940e-01 9.999999999999998890e-01 9.803181141614925043e-01
5.000000000000000000e+00 4.000000000000000222e-01 9.657196024656294897e-01 9.999999999999998890e-01 9.657196024656305999e-01
5.000000000000000000e+00 5.000000000000000000e-01 9.472188836336136175e-01 9.999999999999998890e-01 9.472188836336147277e-01
5.000000000000000000e+00 5.999999999999999778e-01 9.296270152330398107e-01 9.994999999999999440e-01 9.346270152330403702e-01
5.000000000000000000e+00 6.999999999999999556e-01 9.051746554970740988e-01 9.968000000000000194e-01 9.371746554970739052e-01
5.000000000000000000e+00 7.999999999999999334e-01 8.819987779259682581e-01 9.938000000000000167e-01 9.439987779259680911e-01
5.000000000000000000e+00 8.999999999999999112e-01 8.551780117154121896e-01 9.880000000000001004e-01 9.751780117154111860e-01
5.000000000000000000e+00 9.999999999999998890e-01 8.316690310239791550e-01 9.800000000000000933e-01 1.031669031023978222e+00
