3.000000000000000000e+00 0.000000000000000000e+00 1.000000047683715865e+00 9.999999999999998890e-01 1.000000047683716975e+00
3.000000000000000000e+00 1.000000000000000056e-01 9.959500222802161185e-01 9.999999999999998890e-01 9.959500222802172287e-01
3.000000000000000000e+00 2.000000000000000111e-01 9.839309319257736330e-01 9.999999999999998890e-01 9.839309319257747433e-01
3.000000000000000000e+00 3.000000000000000444e-01 9.659230660796165324e-01 9.999999999999998890e-01 9.659230660796176426e-01
3.000000000000000000e+00 4.000000000000000222e-01 9.434692001342773748e-01 9.997999999999999110e-01 9.454692001342782648e-01
3.000000000000000000e+00 5.000000000000000000e-01 9.184145637750625868e-01 9.981999999999998652e-01 9.364145637750639350e-01
3.000000000000000000e+00 5.999999999999999778e-01 8.946007083058359344e-01 9.948999999999998956e-01 9.456007083058369789e-01
3.000000000000000000e+00 6.999999999999999556e-01 8.656311849057674035e-01 9.897000000000000242e-01 9.686311849057671619e-01
3.000000000000000000e+00 7.999999999999999334e-01 8.378220899701118718e-01 9.832999999999998408e-01 1.004822089970113463e+00
3.000000000000000000e+00 8.999999999999999112e-01 8.066224640309810345e-01 9.696000000000000174e-01 1.110622464030980971e+00
3.000000000000000000e+00 9.999999999999998890e-01 7.716334248185157119e-01 9.512000000000000455e-01 1.259633424818515257e+00
