1.000000000000000000e+00 0.000000000000000000e+00 1.000000047683715865e+00 9.999999999999998890e-01 1.000000047683716975e+00
1.000000000000000000e+00 1.000000000000000056e-01 9.883867736458779030e-01 9.999999999999998890e-01 9.883867736458790132e-01
1.000000000000000000e+00 2.000000000000000111e-01 9.560970193743705270e-01 9.999999999999998890e-01 9.560970193743716372e-01
1.000000000000000000e+00 3.000000000000000444e-01 9.102226026654243185e-01 9.984999999999999432e-01 9.252226026654248869e-01
1.000000000000000000e+00 4.000000000000000222e-01 8.637209137678146798e-01 9.917000000000000259e-01 9.467209137678144204e-01
1.000000000000000000e+00 5.000000000000000000e-01 8.200332623124122478e-01 9.756000000000000227e-01 1.064033262312412020e+00
1.000000000000000000e+00 5.999999999999999778e-01 7.620312191247939904e-01 9.447999999999999732e-01 1.314031219124794259e+00
1.000000000000000000e+00 6.999999999999999556e-01 7.219782477617262550e-01 9.046000000000000707e-01 1.675978247761725548e+00
1.000000000000000000e+00 7.999999999999999334e-01 6.713093111068009211e-01 8.521999999999998465e-01 2.149309311106802234e+00
1.000000000000000000e+00 8.999999999999999112e-01 6.333575220704079634e-01 7.978999999999999426e-01 2.654357522070408759e+00
1.000000000000000000e+00 9.999999999999998890e-01 5.964464464336632910e-01 7.449000000000000066e-01 3.147446446433663336e+00
