2.000000000000000000e+00 0.000000000000000000e+00 1.000000047683715865e+00 9.999999999999998890e-01 1.000000047683716975e+00
2.000000000000000000e+00 1.000000000000000056e-01 9.939078300595283189e-01 9.999999999999998890e-01 9.939078300595294291e-01
2.000000000000000000e+00 2.000000000000000111e-01 9.766428933143617153e-01 9.999999999999998890e-01 9.766428933143628255e-01
2.000000000000000000e+00 3.000000000000000444e-01 9.522700294256211118e-01 9.999999999999998890e-01 9.522700294256222220e-01
2.000000000000000000e+00 4.000000000000000222e-01 9.200359304547310879e-01 9.994999999999999440e-01 9.250359304547316475e-01
2.000000000000000000e+00 5.000000000000000000e-01 8.888363769650459156e-01 9.959000000000000075e-01 9.298363769650458410e-01
2.000000000000000000e+00 5.999999999999999778e-01 8.545573101043700825e-01 9.874999999999999334e-01 9.795573101043707487e-01
2.000000000000000000e+00 6.999999999999999556e-01 8.215759744644165474e-01 9.752999999999999448e-01 1.068575974464417211e+00
2.000000000000000000e+00 7.999999999999999334e-01 7.837402349412443403e-01 9.578999999999998627e-01 1.204740234941245713e+00
2.000000000000000000e+00 8.999999999999999112e-01 7.457978191375733701e-01 9.282999999999999030e-01 1.462797819137574340e+00
2.000000000000000000e+00 9.999999999999998890e-01 7.180432536005972866e-01 9.021000000000001240e-01 1.697043253600595936e+00
