5.000000000000000000e+00 0.000000000000000000e+00 1.000000047683715865e+00 9.999999999999998890e-01 1.000000047683716975e+00
5.000000000000000000e+00 1.000000000000000056e-01 9.975643435716627927e-01 9.999999999999998890e-01 9.975643435716639029e-01
5.000000000000000000e+00 2.000000000000000111e-01 9.903158720135689652e-01 9.999999999999998890e-01 9.903158720135700754e-01
5.000000000000000000e+00 3.000000000000000444e-01 9.798213064074516865e-01 9.999999999999998890e-01 9.798213064074527967e-01
5.000000000000000000e+00 4.000000000000000222e-01 9.643404208421708645e-01 9.999999999999998890e-01 9.643404208421719748e-01
5.000000000000000000e+00 5.000000000000000000e-01 9.469667148590088512e-01 9.998999999999999000e-01 9.479667148590098513e-01
5.000000000000000000e+00 5.999999999999999778e-01 9.284443391561507664e-01 9.994999999999999440e-01 9.334443391561513259e-01
5.000000000000000000e+00 6.999999999999999556e-01 9.090435029268264522e-01 9.982999999999999652e-01 9.260435029268268003e-01
5.000000000000000000e+00 7.999999999999999334e-01 8.866386571526527760e-01 9.956000000000000405e-01 9.306386571526523710e-01
5.000000000000000000e+00 8.999999999999999112e-01 8.664689158797264090e-01 9.927000000000000268e-01 9.394689158797261408e-01
5.000000000000000000e+00 9.999999999999998890e-01 8.432912999391555253e-01 9.832000000000000739e-01 1.011291299939154786e+00
